# Import modules
include(joinpath(@__DIR__, "..", "ci", "linkfig.jl"))

# Import modules
using Distributions  # probability distributions and associated functions
using LinearAlgebra
ENV["GKSwstype"] = "100"
using Plots
using Random
using JLD2
using Dates
using StatsBase
# CES
using CalibrateEmulateSample.Emulators
using CalibrateEmulateSample.MarkovChainMonteCarlo
using CalibrateEmulateSample.Utilities
using CalibrateEmulateSample.EnsembleKalmanProcesses
using CalibrateEmulateSample.EnsembleKalmanProcesses.Localizers
using CalibrateEmulateSample.ParameterDistributions
using CalibrateEmulateSample.DataContainers

include("GModel.jl")

function main()

    cases = [
        "GP", # diagonalize, train scalar GP, assume diag inputs
    ]

    #### CHOOSE YOUR CASE:
    mask = [1] # 1:8 # e.g. 1:8 or [7]
    for (case) in cases[mask]


        println("case: ", case)
        min_iter = 1
        max_iter = 5 # number of EKP iterations to use data from is at most this

        exp_name = "darcy"
        rng_seed = 940284
        rng = Random.MersenneTwister(rng_seed)

        # loading relevant data
        homedir = pwd()
        println(homedir)
        figure_save_directory = joinpath(homedir, "output/")
        data_save_directory = joinpath(homedir, "output/")
        data_save_file = joinpath(data_save_directory, "calibrate_results.jld2")

        if !isfile(data_save_file)
            throw(
                ErrorException(
                    "data file $data_save_file not found. \n First run: \n > julia --project calibrate.jl \n and store results $data_save_file",
                ),
            )
        end

        ekiobj = load(data_save_file)["eki"]
        eigenfuncs = load(data_save_file)["eigenfuncs"]
        pts_per_dim = load(data_save_file)["pts_per_dim"]
        prior = load(data_save_file)["prior"]
        darcy = load(data_save_file)["darcy"]
        truth_sample = load(data_save_file)["truth_sample"]
        truth_params_constrained = load(data_save_file)["truth_input_constrained"] #true parameters in constrained space
        truth_params = load(data_save_file)["truth_input_unconstrained"] #true parameters in unconstrained space
        Γy = get_obs_noise_cov(ekiobj)


        n_params = length(truth_params) # "input dim"
        output_dim = size(Γy, 1)
        ###
        ###  Emulate: Gaussian Process Regression
        ###

        # Emulate-sample settings
        # choice of machine-learning tool in the emulation stage
        if case == "GP"
            #            gppackage = Emulators.SKLJL()
            gppackage = Emulators.AGPJL()
            mlt = GaussianProcess(gppackage; noise_learn = false)
        end


        # Get training points from the EKP iteration number in the second input term
        N_iter = min(max_iter, length(get_u(ekiobj)) - 1) # number of paired iterations taken from EKP
        min_iter = min(max_iter, max(1, min_iter))
        input_output_pairs = Utilities.get_training_points(ekiobj, min_iter:(N_iter - 1))
        input_output_pairs_test = Utilities.get_training_points(ekiobj, N_iter:(length(get_u(ekiobj)) - 1)) #  "next" iterations
        # Save data
        @save joinpath(data_save_directory, "input_output_pairs.jld2") input_output_pairs

        retained_svd_frac = 1.0
        normalized = true
        # do we want to use SVD to decorrelate outputs
        decorrelate = case ∈ ["RF-vector-nosvd-diag", "RF-vector-nosvd-nondiag"] ? false : true

        emulator = Emulator(
            mlt,
            input_output_pairs;
            obs_noise_cov = Γy,
            normalize_inputs = normalized,
            retained_svd_frac = retained_svd_frac,
            decorrelate = decorrelate,
        )
        optimize_hyperparameters!(emulator)
        # optimize_hyperparameters!(emulator, kernbounds = [fill(-1e2, n_params + 1), fill(1e2, n_params + 1)])

        # Check how well the Gaussian Process regression predicts on the
        # true parameters
        #if retained_svd_frac==1.0
        y_mean, y_var = Emulators.predict(emulator, reshape(truth_params, :, 1), transform_to_real = true)
        y_mean_test, y_var_test =
            Emulators.predict(emulator, get_inputs(input_output_pairs_test), transform_to_real = true)

        println("ML prediction on true parameters: ")
        println(vec(y_mean))
        println("true data: ")
        println(truth_sample) # what was used as truth
        println(" ML predicted standard deviation")
        println(sqrt.(diag(y_var[1], 0)))
        println("ML MSE (truth): ")
        println(mean((truth_sample - vec(y_mean)) .^ 2))
        println("ML MSE (next ensemble): ")
        println(mean((get_outputs(input_output_pairs_test) - y_mean_test) .^ 2))

        #end
        ###
        ###  Sample: Markov Chain Monte Carlo
        ###
        # initial values
        u0 = vec(mean(get_inputs(input_output_pairs), dims = 2))
        println("initial parameters: ", u0)





        #=
        # First let's run a short chain to determine a good step size
        mcmc = MCMCWrapper(RWMHSampling(), truth_sample, prior, emulator; init_params = u0)
        new_step = optimize_stepsize(mcmc; init_stepsize = 0.1, N = 2000, discard_initial = 0)

        # Now begin the actual MCMC
        println("Begin MCMC - with step size ", new_step)
        T = 100_000
        start_time = now()
        chain = MarkovChainMonteCarlo.sample(mcmc, T; stepsize = new_step, discard_initial = 2_000)
        end_time = now()

        total_time = (end_time - start_time).value
        println("Total MCMC sampling time: ", total_time, " seconds")
        spiter = total_time / T
        println("spiter: ", spiter)
        acc_prob = accept_ratio(chain)
        println("acceptance probability: ", acc_prob)

        #=
        ess_values = MCMCChains.ess(chain)
        println("Effective Sample Size (ESS): ", ess_values)
        println("Min ESS: ", minimum(ess_values))
        println("Median ESS: ", median(ess_values))
        println("Max ESS: ", maximum(ess_values))
        =#

        posterior = MarkovChainMonteCarlo.get_posterior(mcmc, chain)
        post_mean = mean(posterior)
        post_cov = cov(posterior)
        println("post_mean")
        println(post_mean)
        println("post_cov")
        println(post_cov)
        println("D util")
        println(det(inv(post_cov)))
        println(" ")

        param_names = get_name(posterior)
        println("param_names: ", param_names)
        posterior_samples = reduce(vcat, [get_distribution(posterior)[name] for name in get_name(posterior)]) #samples are columns of this matrix
        println(size(posterior_samples))
        n_post = size(posterior_samples, 2)
        plot_sample_id = (n_post - 1000):n_post

        #=
        constrained_posterior_samples = mapslices(x -> transform_unconstrained_to_constrained(posterior, x), posterior_samples, dims = 1)
        println(size(constrained_posterior_samples))
        println("constrained_post_mean: ")
        println(mean(constrained_posterior_samples, dims = 2))
        println("constrained_post_var: ")
        println(var(constrained_posterior_samples, dims = 2))
        println("med: ", median(constrained_posterior_samples, dims = 2))
        println("min: ",  minimum(constrained_posterior_samples, dims = 2))
        println("max: ",  maximum(constrained_posterior_samples, dims = 2))
        constrained_post_κ_field = eigenfuncs * constrained_posterior_samples
        println("size of constrained_post_κ_field: ", size(constrained_post_κ_field))
        println("mean of constrained_post_κ_field: ", mean(constrained_post_κ_field, dims = 2))
        N = Int(sqrt(size(constrained_post_κ_field, 1)))
        println("N: ", N)
        =#

       constrained_posterior_samples =
            transform_unconstrained_to_constrained(prior, posterior_samples[:, plot_sample_id])
        println("size of constrained_posterior_sample: ", size(constrained_posterior_samples))
        println("mean of constrained_posterior_sample: ", mean(constrained_posterior_samples, dims = 2))
        N = Int(sqrt(size(constrained_posterior_samples, 1)))

        #... plot etc
        #=
        n_params = size(posterior_samples, 1)
        p_tp = plot(1:T, posterior_samples[:, 1:2], label="MALA",
        color=colors[1], xlabel="Iteration (t)", ylabel="d_t", title="samples", lw=2)
        figpath = joinpath(figure_save_directory, "posterior_MCMC_" * case * ".pdf")
        savefig(figpath)
        figpath = joinpath(figure_save_directory, "posterior_MCMC_" * case * ".png")
        savefig(figpath)
        =#

        =#





        #=


        ########
        #ESJD analysis
        ########
        function compute_ESJD(sigma_vec::Vector{Float64}, T::Int, n::Int, method)::Matrix{Float64}
            ESJD = Matrix{Float64}(undef, length(sigma_vec), n)
            for (i, sigma) in enumerate(sigma_vec)
                ESJD[i, :] = grad_MCMC_ESJD(T, n, method, sigma)
            end
            return ESJD
        end

        function grad_MCMC_ESJD(T::Int, n::Int, method, sigma::Float64)
            mcmc = MCMCWrapper(method, truth_sample, prior, emulator; init_params = u0)
            chain = MarkovChainMonteCarlo.sample(mcmc, T; rng = rng, stepsize = sigma, discard_initial = 500)
            posterior = MarkovChainMonteCarlo.get_posterior(mcmc, chain)
            posterior_samples = reduce(vcat, [get_distribution(posterior)[name] for name in get_name(posterior)])
            constrained_posterior = (mapslices(x -> transform_unconstrained_to_constrained(posterior, x), posterior_samples, dims = 1))'
            n_samples, n_params = size(constrained_posterior)
            esjd = zeros(Float64, n_params)
            for i in 2:n_samples
                esjd = esjd .+ (constrained_posterior[i, :] .- constrained_posterior[i - 1, :]).^ 2 ./ n_samples
            end
            return esjd
        end

        T = 5_000
        n = n_params
        sqrt_n = sqrt(n)
        sigma_vec = 2.38 ./ sqrt_n .* exp.(range(-8, stop = 1, length = 45))
        println("sigma_vec: ", sigma_vec)
        ESJD_MALA = compute_ESJD(sigma_vec, T, n, MALASampling())
        ESJD_RW = compute_ESJD(sigma_vec, T, n, RWMHSampling())
        ESJD_pCN = compute_ESJD(sigma_vec, T, n, pCNMHSampling())
        ESJD_BARKER = compute_ESJD(sigma_vec, T, n, BarkerSampling())
        # ESJD_HMC = compute_ESJD(sigma_vec, T, n, HMCSampling())
        ESJD_infMALA = compute_ESJD(sigma_vec, T, n, infMALASampling())
        ESJD_infmMALA = compute_ESJD(sigma_vec, T, n, infmMALASampling())


        #compute median ESJD OF OTHER COORDINATES
        # Compute max, min, total ESJD of other coordinates
        #compute median ESJD OF OTHER COORDINATES






        # For MALA
        MALA_max = mapslices(maximum, ESJD_MALA[:, 2:end], dims=2)
        MALA_median = mapslices(median, ESJD_MALA[:, 2:end], dims=2)
        MALA_min = mapslices(minimum, ESJD_MALA[:, 2:end], dims=2)
        MALA_total = mapslices(sum, ESJD_MALA[:, 2:end], dims=2)

        # For RWMH
        RW_max = mapslices(maximum, ESJD_RW[:, 2:end], dims=2)
        RW_median = mapslices(median, ESJD_RW[:, 2:end], dims=2)
        RW_min = mapslices(minimum, ESJD_RW[:, 2:end], dims=2)
        RW_total = mapslices(sum, ESJD_RW[:, 2:end], dims=2)

        # For pCN sampler
        pCN_max = mapslices(maximum, ESJD_pCN[:, 2:end], dims=2)
        pCN_median = mapslices(median, ESJD_pCN[:, 2:end], dims=2)
        pCN_min = mapslices(minimum, ESJD_pCN[:, 2:end], dims=2)
        pCN_total = mapslices(sum, ESJD_pCN[:, 2:end], dims=2)

        # For Barker sampler
        BARKER_max = mapslices(maximum, ESJD_BARKER[:, 2:end], dims=2)
        BARKER_median = mapslices(median, ESJD_BARKER[:, 2:end], dims=2)
        BARKER_min = mapslices(minimum, ESJD_BARKER[:, 2:end], dims=2)
        BARKER_total = mapslices(sum, ESJD_BARKER[:, 2:end], dims=2)

        # For infMALA sampler
        infMALA_max = mapslices(maximum, ESJD_infMALA[:, 2:end], dims=2)
        infMALA_median = mapslices(median, ESJD_infMALA[:, 2:end], dims=2)
        infMALA_min = mapslices(minimum, ESJD_infMALA[:, 2:end], dims=2)
        infMALA_total = mapslices(sum, ESJD_infMALA[:, 2:end], dims=2)

        # For infmMALA sampler (if applicable)
        infmMALA_max = mapslices(maximum, ESJD_infmMALA[:, 2:end], dims=2)
        infmMALA_median = mapslices(median, ESJD_infmMALA[:, 2:end], dims=2)
        infmMALA_min = mapslices(minimum, ESJD_infmMALA[:, 2:end], dims=2)
        infmMALA_total = mapslices(sum, ESJD_infmMALA[:, 2:end], dims=2)



        println("maximum value of ESJD_MALA 1st: ", maximum(ESJD_MALA[:, 1]))
        println("at ", argmax(ESJD_MALA[:, 1]))
        println("maximum value of ESJD_RW 1st: ", maximum(ESJD_RW[:, 1]))
        println("at ", argmax(ESJD_RW[:, 1]))
        println("maximum value of ESJD_pCN 1st: ", maximum(ESJD_pCN[:, 1]))
        println("at ", argmax(ESJD_pCN[:, 1]))
        println("maximum value of ESJD_BARKER 1st: ", maximum(ESJD_BARKER[:, 1]))
        println("at ", argmax(ESJD_BARKER[:, 1]))
        println("maximum value of ESJD_infMALA 1st: ", maximum(ESJD_infMALA[:, 1]))
        println("at ", argmax(ESJD_infMALA[:, 1]))
        println("maximum value of ESJD_infmMALA 1st: ", maximum(ESJD_infmMALA[:, 1]))
        println("at ", argmax(ESJD_infmMALA[:, 1]))





        # For MALA sampler
        println("Maximum value of MALA_max ESJD: ", maximum(MALA_max))
        println("At index: ", argmax(MALA_max))
        println("maximum value of median ESJD_MALA: ", maximum(MALA_median))
        println("At index: ", argmax(MALA_median))
       println("Maximum value of MALA_min ESJD: ", maximum(MALA_min))
        println("At index: ", argmax(MALA_min))
        println("Maximum value of MALA_total ESJD: ", maximum(MALA_total))
        println("At index: ", argmax(MALA_total))

        # For Random Walk (RW) sampler
        println("Maximum value of RW_max ESJD: ", maximum(RW_max))
        println("At index: ", argmax(RW_max))
        println("maximum value of median ESJD_RW: ", maximum(RW_median))
        println("At index: ", argmax(RW_median))
        println("Maximum value of RW_min ESJD: ", maximum(RW_min))
        println("At index: ", argmax(RW_min))
        println("Maximum value of RW_total ESJD: ", maximum(RW_total))
        println("At index: ", argmax(RW_total))

        # For pCN sampler
        println("Maximum value of pCN_max ESJD: ", maximum(pCN_max))
        println("At index: ", argmax(pCN_max))
        println("maximum value of median ESJD_pCN: ", maximum(pCN_median))
        println("At index: ", argmax(pCN_median))
        println("Maximum value of pCN_min ESJD: ", maximum(pCN_min))
        println("At index: ", argmax(pCN_min))
        println("Maximum value of pCN_total ESJD: ", maximum(pCN_total))
        println("At index: ", argmax(pCN_total))

        # For Barker sampler
        println("Maximum value of BARKER_max ESJD: ", maximum(BARKER_max))
        println("At index: ", argmax(BARKER_max))
        println("maximum value of median ESJD_BARKER: ", maximum(BARKER_median))
        println("At index: ", argmax(BARKER_median))
        println("Maximum value of BARKER_min ESJD: ", maximum(BARKER_min))
        println("At index: ", argmax(BARKER_min))
        println("Maximum value of BARKER_total ESJD: ", maximum(BARKER_total))
        println("At index: ", argmax(BARKER_total))

        # For infMALA sampler
        println("Maximum value of infMALA_max ESJD: ", maximum(infMALA_max))
        println("At index: ", argmax(infMALA_max))
        println("maximum value of median ESJD_infMALA: ", maximum(infMALA_median))
        println("At index: ", argmax(infMALA_median))
        println("Maximum value of infMALA_min ESJD: ", maximum(infMALA_min))
        println("At index: ", argmax(infMALA_min))
        println("Maximum value of infMALA_total ESJD: ", maximum(infMALA_total))
        println("At index: ", argmax(infMALA_total))

        # For infmMALA sampler
        println("Maximum value of infmMALA_max ESJD: ", maximum(infmMALA_max))
        println("At index: ", argmax(infmMALA_max))
        println("Maximum value of infmMALA_min ESJD: ", maximum(infmMALA_min))
        println("At index: ", argmax(infmMALA_min))
        println("maximum value of median ESJD_infmMALA: ", maximum(infmMALA_median))
        println("at ", argmax(infmMALA_median))
        println("Maximum value of infmMALA_total ESJD: ", maximum(infmMALA_total))
        println("At index: ", argmax(infmMALA_total))








        # PLOT ESJD OF FIRST COORDINATE AND MEDIAN ESJD OF OTHER COORDINATES
        #plot ESJD of first coordinate
        #ylim = (exp(-20), maximum([ESJD_infmMALA[:, 1]; ESJD_infMALA[:, 1]; ESJD_MALA[:, 1]; ESJD_RW[:, 1]; ESJD_pCN[:, 1]; ESJD_BARKER[:, 1]])+0.1)
        ylim = (exp(-15), maximum([ESJD_infMALA[:, 1]; ESJD_MALA[:, 1]; ESJD_RW[:, 1]; ESJD_pCN[:, 1]; ESJD_BARKER[:, 1]]) * 1.1)
        #ylim = (exp(-15), maximum([ESJD_MALA[:, 1]; ESJD_RW[:, 1]; ESJD_pCN[:, 1]; ESJD_BARKER[:, 1]; ESJD_HMC[:, 1]])+0.1)
        # ylim = (exp(-10), maximum([infMALA_total; MALA_total; pCN_total; RW_total; BARKER_total])+0.1)
        ylim = (exp(-15), maximum([infmMALA_total; infMALA_total; MALA_total; pCN_total; RW_total; BARKER_total])+0.1)
        gr(size = (1000, 600))
        p1 = plot(
            sigma_vec,
            ESJD_MALA[:, 1],
            xscale = :log10,
            yscale = :log10,
            label = "MALA",
            color = :red,
            marker = :diamond,
            xlabel = "proposal step-size",
            ylabel = "ESJD",
            ylim = ylim,
            legend = :bottomright,
        )
        plot!(p1, sigma_vec, ESJD_MALA[:, 1], label = nothing, color = :red)
        scatter!(p1, sigma_vec, ESJD_RW[:, 1], label = "RW", color = :black, marker = :circle)
        plot!(p1, sigma_vec, ESJD_RW[:, 1], label = nothing, color = :black)
        scatter!(p1, sigma_vec, ESJD_pCN[:, 1], label = "pCN", color = :green, marker = :cross)
        plot!(p1, sigma_vec, ESJD_pCN[:, 1], label = nothing, color = :green)
        scatter!(p1, sigma_vec, ESJD_BARKER[:, 1], label = "Barker", color = :blue, marker = :utriangle)
        plot!(p1, sigma_vec, ESJD_BARKER[:, 1], label = nothing, color = :blue)
        scatter!(p1, sigma_vec, ESJD_infMALA[:, 1], label = "infMALA", color = :purple, marker = :dtriangle)
        plot!(p1, sigma_vec, ESJD_infMALA[:, 1], label = nothing, color = :purple)
        scatter!(p1, sigma_vec, ESJD_infmMALA[:, 1], label = "infmMALA", color = :orange, marker = :xcross)
        plot!(p1, sigma_vec, ESJD_infmMALA[:, 1], label = nothing, color = :orange)
        title!(p1, "ESJD of coordinate 1")
        display(p1)
        savefig(p1, joinpath(data_save_directory, "Darcy_MCMC_ESJD_1_" * string(n_params) * "_" * string(output_dim) * ".png"))



        #ylim = (exp(-9), maximum([infmMALA_median; infMALA_median; MALA_median; pCN_median; RW_median; BARKER_median])+0.1)
        ylim = (exp(-15), maximum([infMALA_median; MALA_median; pCN_median; RW_median; BARKER_median]) * 1.1)
        gr(size = (1000, 600))
        p2 = plot(
            sigma_vec,
            MALA_median,
            xscale = :log10,
            yscale = :log10,
            label = "MALA",
            color = :red,
            marker = :diamond,
            xlabel = "proposal step-size",
            ylabel = "median ESJD",
            ylim = ylim,
            legend = :bottomright,
        )
        plot!(p2, sigma_vec, MALA_median, label = nothing, color = :red)
        scatter!(p2, sigma_vec, RW_median, label = "RW", color = :black, marker = :circle)
        plot!(p2, sigma_vec, RW_median, label = nothing, color = :black)
        scatter!(p2, sigma_vec, pCN_median, label = "pCN", color = :green, marker = :cross)
        plot!(p2, sigma_vec, pCN_median, label = nothing, color = :green)
        scatter!(p2, sigma_vec, BARKER_median, label = "Barker", color = :blue, marker = :utriangle)
        plot!(p2, sigma_vec, BARKER_median, label = nothing, color = :blue)
        scatter!(p2, sigma_vec, infMALA_median, label = "infMALA", color = :purple, marker = :dtriangle)
        plot!(p2, sigma_vec, infMALA_median, label = nothing, color = :purple)
        scatter!(p2, sigma_vec, infmMALA_median, label = "infmMALA", color = :orange, marker = :xcross)
        plot!(p2, sigma_vec, infmMALA_median, label = nothing, color = :orange)
        title!(p2, "median ESJD of coordinates 2 to last")
        display(p2)
        savefig(p2, joinpath(data_save_directory, "Darcy_MCMC_median_ESJD_" * string(n_params) * "_" * string(output_dim) * ".png"))



        # ylim = (exp(-10), maximum([infMALA_total; MALA_total; pCN_total; RW_total; BARKER_total])+0.1)
        ylim = (exp(-15), maximum([infmMALA_total; infMALA_total; MALA_total; pCN_total; RW_total; BARKER_total]) * 1.1)
        gr(size = (1000, 600))
        p3 = plot(
            sigma_vec,
            MALA_max,
            xscale = :log10,
            yscale = :log10,
            label = "MALA",
            color = :red,
            marker = :diamond,
            xlabel = "proposal step-size",
            ylabel = "max ESJD",
            ylim = ylim,
            legend = :bottomright,
        )
        plot!(p3, sigma_vec, MALA_max, label = nothing, color = :red)
        scatter!(p3, sigma_vec, RW_max, label = "RW", color = :black, marker = :circle)
        plot!(p3, sigma_vec, RW_max, label = nothing, color = :black)
        scatter!(p3, sigma_vec, pCN_max, label = "pCN", color = :green, marker = :cross)
        plot!(p3, sigma_vec, pCN_max, label = nothing, color = :green)
        scatter!(p3, sigma_vec, BARKER_max, label = "Barker", color = :blue, marker = :utriangle)
        plot!(p3, sigma_vec, BARKER_max, label = nothing, color = :blue)
        scatter!(p3, sigma_vec, infMALA_max, label = "infMALA", color = :purple, marker = :dtriangle)
        plot!(p3, sigma_vec, infMALA_max, label = nothing, color = :purple)
        scatter!(p3, sigma_vec, infmMALA_max, label = "infmMALA", color = :orange, marker = :xcross)
        plot!(p3, sigma_vec, infmMALA_max, label = nothing, color = :orange)
        title!(p3, "max ESJD of coordinates 2 to last")
        display(p3)
        savefig(p3, joinpath(data_save_directory, "Darcy_MCMC_max_ESJD_" * string(n_params) * "_" * string(output_dim) * ".png"))

        # ylim = (exp(-10), maximum([infMALA_total; MALA_total; pCN_total; RW_total; BARKER_total])+0.1)
        ylim = (exp(-15), maximum([infmMALA_total; infMALA_total; MALA_total; pCN_total; RW_total; BARKER_total]) * 1.1)
        gr(size = (1000, 600))
        p4 = plot(
            sigma_vec,
            MALA_min,
            xscale = :log10,
            yscale = :log10,
            label = "MALA",
            color = :red,
            marker = :diamond,
            xlabel = "proposal step-size",
            ylabel = "min ESJD",
            ylim = ylim,
            legend = :bottomright,
        )
        plot!(p4, sigma_vec, MALA_min, label = nothing, color = :red)
        scatter!(p4, sigma_vec, RW_min, label = "RW", color = :black, marker = :circle)
        plot!(p4, sigma_vec, RW_min, label = nothing, color = :black)
        scatter!(p4, sigma_vec, pCN_min, label = "pCN", color = :green, marker = :cross)
        plot!(p4, sigma_vec, pCN_min, label = nothing, color = :green)
        scatter!(p4, sigma_vec, BARKER_min, label = "Barker", color = :blue, marker = :utriangle)
        plot!(p4, sigma_vec, BARKER_min, label = nothing, color = :blue)
        scatter!(p4, sigma_vec, infMALA_min, label = "infMALA", color = :purple, marker = :dtriangle)
        plot!(p4, sigma_vec, infMALA_min, label = nothing, color = :purple)
        scatter!(p4, sigma_vec, infmMALA_min, label = "infmMALA", color = :orange, marker = :xcross)
        plot!(p4, sigma_vec, infmMALA_min, label = nothing, color = :orange)
        title!(p4, "min ESJD of coordinates 2 to last")
        display(p4)
        savefig(p4, joinpath(data_save_directory, "Darcy_MCMC_min_ESJD_" * string(n_params) * "_" * string(output_dim) * ".png"))

        # ylim = (exp(-10), maximum([infMALA_total; MALA_total; pCN_total; RW_total; BARKER_total])+0.1)
       ylim = (exp(-15), maximum([infmMALA_total; infMALA_total; MALA_total; pCN_total; RW_total; BARKER_total]) * 1.1)
       gr(size = (1000, 600))
       p5 = plot(
           sigma_vec,
           MALA_total,
           xscale = :log10,
           yscale = :log10,
           label = "MALA",
           color = :red,
           marker = :diamond,
           xlabel = "proposal step-size",
           ylabel = "total ESJD",
           ylim = ylim,
           legend = :bottomright,
       )
       plot!(p5, sigma_vec, MALA_total, label = nothing, color = :red)
       scatter!(p5, sigma_vec, RW_total, label = "RW", color = :black, marker = :circle)
       plot!(p5, sigma_vec, RW_total, label = nothing, color = :black)
       scatter!(p5, sigma_vec, pCN_total, label = "pCN", color = :green, marker = :cross)
       plot!(p5, sigma_vec, pCN_total, label = nothing, color = :green)
       scatter!(p5, sigma_vec, BARKER_total, label = "Barker", color = :blue, marker = :utriangle)
       plot!(p5, sigma_vec, BARKER_total, label = nothing, color = :blue)
       scatter!(p5, sigma_vec, infMALA_total, label = "infMALA", color = :purple, marker = :dtriangle)
       plot!(p5, sigma_vec, infMALA_total, label = nothing, color = :purple)
       scatter!(p5, sigma_vec, infmMALA_total, label = "infmMALA", color = :orange, marker = :xcross)
       plot!(p5, sigma_vec, infmMALA_total, label = nothing, color = :orange)
       title!(p5, "total ESJD of coordinates 2 to last")
       display(p5)
       savefig(p5, joinpath(data_save_directory, "Darcy_MCMC_total_ESJD_" * string(n_params) * "_" * string(output_dim) * ".png"))

        =#









        #####################################################################
        # convergence analysis and others e.g. ESS, AP, second per iteration#
        #####################################################################
        d = n_params
        T = 10
        plots_id = 50:T
        num_repeats = 1
        methods = [MALASampling(), RWMHSampling(), pCNMHSampling(), BarkerSampling(), infMALASampling(), infmMALASampling()]
        #methods = [MALASampling(), RWMHSampling(), pCNMHSampling(), BarkerSampling(), infMALASampling()]
        # methods = [MALASampling(), RWMHSampling(), pCNMHSampling(), BarkerSampling()]

        # sigmas = [0.03, 0.071, 0.004, 0.125, 0.00246,]
        colors = [:red, :black, :green, :blue, :purple, :orange]


        samples_all = zeros(Float64, T, d*length(methods))
        d_t_values_all = zeros(Float64, T, length(methods))
        frob_values_all = zeros(Float64, T, length(methods))
        mse_values_all = zeros(Float64, T, length(methods))

        for (j, method) in enumerate(methods)
            sum_samples = zeros(Float64, T, d)
            sum_time = 0
            println(method)
            mcmc = MCMCWrapper(method, truth_sample, prior, emulator; init_params = u0)

            if method in [RWMHSampling(), pCNMHSampling()]
                new_step = optimize_stepsize(mcmc; init_stepsize = 0.01, N = 2000, discard_initial = 0)
            elseif method in [MALASampling(), BarkerSampling(), infMALASampling(), infmMALASampling()]
                new_step = optimize_stepsize_grad(mcmc; init_stepsize = 0.1, N = 2000, discard_initial = 0)
            elseif method in [infmMALASampling()]
                new_step = optimize_stepsize_grad(mcmc; init_stepsize = 0.15, N = 2000, discard_initial = 0)
            end# 0.1: 0.398ap 0.2: 0.63->0.04

            for i in 1:num_repeats
                start_time = time()
                chain = MarkovChainMonteCarlo.sample(mcmc, T; rng = rng, stepsize = new_step, discard_initial = 0)
                end_time = time()
                sum_time += end_time - start_time
                #sum_time += (end_time - start_time).value

                acc_prob = accept_ratio(chain)
                println("acceptance probability: ", acc_prob)
                # sum_samples .+= chain.value[:, :, 1]
                posterior = MarkovChainMonteCarlo.get_posterior(mcmc, chain)

                posterior_samples = reduce(vcat, [get_distribution(posterior)[name] for name in get_name(posterior)])
                constrained_posterior = (mapslices(x -> transform_unconstrained_to_constrained(posterior, x), posterior_samples, dims = 1))'
                # Back to constrained coordinates
                sum_samples[:, :] += constrained_posterior
            end
            samples = sum_samples / num_repeats
            samples_all[:, d*(j-1)+1:d*j] = samples
            #println(samples)

            total_time = sum_time / num_repeats
            println("Total MCMC sampling time: ", total_time, " seconds")
            spiter = total_time / T
            println("spiter: ", spiter)

            ess_values = zeros(d)
            for i in 1:d
                sample_col = samples[:, i]
                autocorrelations = autocor(sample_col)
                ess_values[i] = T / (1 + 2 * sum(autocorrelations[2:end]))
            end

            println("Effective Sample Size (ESS): ", ess_values)
            println("Min ESS: ", minimum(ess_values))
            println("Median ESS: ", median(ess_values))
            println("Max ESS: ", maximum(ess_values))

            println("minESS/s: ", minimum(ess_values)/total_time)


            means = zeros(Float64, d)
            covariances = zeros(Float64, d, d, T)

            #= The true covariance matrix and means are picked from the 1 million runs of RWMH
post_mean
[-0.7847453632133576; 1.1536380127383883; -0.7527032367915321; -0.3065174841527967; -0.4302899954047373; 0.01676513587339504; -0.4471894270278742; -0.21494464278276107; -0.057366902334641916; 0.2133912881493806;;]
post_cov

D util
1.8026492844214957e11
            =#
            # (10 * 10, )
            Σ_true = [0.013543894717912987 -0.006214987713182169 0.010276097268447562 0.004919843945775869 0.0411939685184281 0.02893134140850419 0.00016198374158209465 0.0035932729791240303 -0.028155825864118314 0.0788705224122804;
            -0.006214987713182169 0.02626710857107154 0.00020699568534061525 0.02440185898745267 -0.018401616816766497 -0.012606503842269827 -0.004859127114068504 -0.017353445820157617 -0.03930058894315824 -0.04148768503564818;
            0.010276097268447562 0.00020699568534061525 0.023501193588531748 0.014996072185546048 0.026353402459610265 0.019441690983357976 -0.034975008632196956 -0.0032911503833491958 -0.05599423375680277 0.044247620799169295;
            0.004919843945775869 0.02440185898745267 0.014996072185546048 0.09536943851714826 0.021958055558362773 0.0002771168922271948 -0.03584587560423848 0.006876780722744529 -0.19908760669724637 -0.01475789852260678;
            0.0411939685184281 -0.018401616816766497 0.026353402459610265 0.021958055558362773 0.20285458253328026 0.09531025866016098 0.0254267962563691 0.014310186229978235 -0.10218624020842913 0.26490876237048616;
            0.02893134140850419 -0.012606503842269827 0.019441690983357976 0.0002771168922271948 0.09531025866016098 0.1573513923697528 -0.04830352045857495 -0.024721049716006076 0.004139961850327118 0.2051669969060487;
            0.00016198374158209465 -0.004859127114068504 -0.034975008632196956 -0.03584587560423848 0.0254267962563691 -0.04830352045857495 0.2615992388082379 0.007538685951571292 0.09455215696774284 0.07680598410365294;
            0.0035932729791240303 -0.017353445820157617 -0.0032911503833491958 0.006876780722744529 0.014310186229978235 -0.024721049716006076 0.007538685951571292 0.3403543280061304 -0.12182841179193125 -0.0025347701652472247;
            -0.028155825864118314 -0.03930058894315824 -0.05599423375680277 -0.19908760669724637 -0.10218624020842913 0.004139961850327118 0.09455215696774284 -0.12182841179193125 0.869562196231078 0.03202656568342419;
            0.0788705224122804 -0.04148768503564818 0.044247620799169295 -0.01475789852260678 0.26490876237048616 0.2051669969060487 0.07680598410365294 -0.0025347701652472247 0.03202656568342419 0.7216191324392598]

            mean_true = [-0.7847453632133576; 1.1536380127383883; -0.7527032367915321; -0.3065174841527967; -0.4302899954047373; 0.01676513587339504; -0.4471894270278742; -0.21494464278276107; -0.057366902334641916; 0.2133912881493806;;]

            # 10 * 10
            mean_true = [-1.0344906200007125; -1.031359704800955; 1.0166362686565669; 0.850028016116386; 1.4333275871098436; 1.0350609304625584; 0.7241519275532763; -1.1124012299325094; -1.1436817621907; -1.318690300902426;;]
            Σ_true = [0.0028424220854535976 -0.00039502042555249325 -0.0001941719958338421 0.00030455336970399826 -0.0027032635541074843 -0.0029338296089777196 -0.003593931242434306 0.0016278415078886954 -0.0030365281117883318 -0.007934014437569867; -0.00039502042555249325 0.005267802297403332 -0.001626695941963201 -0.005534831084914154 0.0007917937674129341 -0.0007277312362402547 -0.0013885934428028456 0.004952383956483919 0.000942360544461989 0.0024840261488643495; -0.0001941719958338421 -0.001626695941963201 0.0052178311131443 0.003400221834327995 -0.00040899327416662887 0.0002470474246207828 0.00593797599677156 0.00025837617541716424 -0.004116325873721924 -0.006106198936696026; 0.00030455336970399826 -0.005534831084914154 0.003400221834327995 0.016696711123912536 4.674316836050057e-5 -0.002309862814399651 0.0005395789256188748 -0.014244838388975316 0.0006451681589551268 -0.00934413571115772; -0.0027032635541074843 0.0007917937674129341 -0.00040899327416662887 4.674316836050057e-5 0.015608380045029346 0.0004485411429730017 -0.003693701272786808 -0.0029959370120195977 -0.0005425875700497006 0.0011838591688218768; -0.0029338296089777196 -0.0007277312362402547 0.0002470474246207828 -0.002309862814399651 0.0004485411429730017 0.020761729510300985 0.010322377679375154 0.008129735151636893 0.002179906476998882 0.005073365520603526; -0.003593931242434306 -0.0013885934428028456 0.00593797599677156 0.0005395789256188748 -0.003693701272786808 0.010322377679375154 0.034790339589332475 0.008383627541384055 0.004048185379492675 0.01180753948209379; 0.0016278415078886954 0.004952383956483919 0.00025837617541716424 -0.014244838388975316 -0.0029959370120195977 0.008129735151636893 0.008383627541384055 0.06319001416277097 -0.03608723897838521 0.018297611223755738; -0.0030365281117883318 0.000942360544461989 -0.004116325873721924 0.0006451681589551268 -0.0005425875700497006 0.002179906476998882 0.004048185379492675 -0.03608723897838521 0.0675530937052864 0.0013556628299626293; -0.007934014437569867 0.0024840261488643495 -0.006106198936696026 -0.00934413571115772 0.0011838591688218768 0.005073365520603526 0.01180753948209379 0.018297611223755738 0.0013556628299626293 0.07927712975243068]

            # 12 * 9
            mean_true =
            [1.0372023772893457; -0.722546776658123; 1.1656354638447883; 0.6390901251558959; -0.43340676731195105; -0.9189219913524974; 0.5009868097183949; 0.9383586267156909; 0.14834232507091655; -0.021553605779347926; 0.426096423434428; -0.3809507556861998;;]
            Σ_true = [0.011597522348189468 0.0021867155919923207 0.0020002901894734695 -0.0011164437482496068 -0.009971622161983773 -0.0013552002814056557 -0.0005137912559433265 -0.0026185566125702503 -0.007817222363624704 0.01236105464236234 0.041915447837749545 0.007467499693278485; 0.0021867155919923207 0.00805747893839138 -0.0008839174940166334 8.202851530533666e-5 -0.00018286237017708443 -0.0016144023369998146 0.009227773905137352 -0.00682108357553285 -0.013804499134617223 0.0022568049592148302 0.0069890345878497375 -0.0034840431079950647; 0.0020002901894734695 -0.0008839174940166334 0.012295285880988391 -0.007745234745069589 0.0008789529759478117 -0.0023126660344702054 -0.0072897076841610935 -0.01500380067885461 0.02602369053873404 0.0048382601187836865 0.0038394558230005534 -0.014920121872025783; -0.0011164437482496068 8.202851530533666e-5 -0.007745234745069589 0.055165596395557306 -0.015005187563373084 0.012617055312664537 -0.013730779185423063 0.02429174833529193 -0.022960412373230755 -0.04415761822389054 0.014239646240075747 0.07572749027354121; -0.009971622161983773 -0.00018286237017708443 0.0008789529759478117 -0.015005187563373084 0.08479780311523114 -0.010166905565297198 0.00926456964167927 0.009043945648259739 0.051651655794596005 0.05419221746303087 -0.07896641817137111 -0.012287843747527602; -0.0013552002814056557 -0.0016144023369998146 -0.0023126660344702054 0.012617055312664537 -0.010166905565297198 0.04304164218519579 0.0002957382204250789 0.017335932577272378 0.008161363855685139 -0.0640682734856499 -0.0023844164511593715 0.000784551143148301; -0.0005137912559433265 0.009227773905137352 -0.0072897076841610935 -0.013730779185423063 0.00926456964167927 0.0002957382204250789 0.0877234840683229 -0.011991922066710724 0.00630836381276619 -0.013101497541526928 -0.013962433047803684 -0.014760636560983175; -0.0026185566125702503 -0.00682108357553285 -0.01500380067885461 0.02429174833529193 0.009043945648259739 0.017335932577272378 -0.011991922066710724 0.1251135808685652 0.002174706556473975 -0.021128471307736516 -0.00578464519488972 0.04537036062122507; -0.007817222363624704 -0.013804499134617223 0.02602369053873404 -0.022960412373230755 0.051651655794596005 0.008161363855685139 0.00630836381276619 0.002174706556473975 0.33660207794115893 -0.03977622233586341 -0.06000960662438842 -0.02624607247290679; 0.01236105464236234 0.0022568049592148302 0.0048382601187836865 -0.04415761822389054 0.05419221746303087 -0.0640682734856499 -0.013101497541526928 -0.021128471307736516 -0.03977622233586341 0.33290581060525365 0.0035862856363109434 0.02713366757447015; 0.041915447837749545 0.0069890345878497375 0.0038394558230005534 0.014239646240075747 -0.07896641817137111 -0.0023844164511593715 -0.013962433047803684 -0.00578464519488972 -0.06000960662438842 0.0035862856363109434 0.19666584616664318 0.04210997326643107; 0.007467499693278485 -0.0034840431079950647 -0.014920121872025783 0.07572749027354121 -0.012287843747527602 0.000784551143148301 -0.014760636560983175 0.04537036062122507 -0.02624607247290679 0.02713366757447015 0.04210997326643107 0.24078723182412193]


            # 12 * 25
            mean_true =
            [0.8287269411835556; -1.0104114447317576; 0.962771715236735; 1.1373848474030377; 0.39330832972701074; -0.6638887094408431; -0.5210555138034721; -0.8381385276479716; -0.4297416001467203; 0.6979222395159808; 0.05313200148480844; -1.2250332657658196;;]
            Σ_true =
